"532628","532628.BO"
"523395","523395.BO"
"590116","590116.BO"
"512161","512161.BO"
"530499","530499.BO"
"500009","500009.BO"
"533292","533292.BO"
"530027","530027.BO"
"533412","533412.BO"
"524412","524412.BO"
"524348","524348.BO"
"524208","524208.BO"
"514274","514274.BO"
"531731","531731.BO"
"519319","519319.BO"
"523204","523204.BO"
"500002","500002.BO"
"500488","500488.BO"
"520123","520123.BO"
"500057","500057.BO"
"520155","520155.BO"
"532682","532682.BO"
"532831","532831.BO"
"526955","526955.BO"
"531161","531161.BO"
"532974","532974.BO"
"500410","500410.BO"
"532774","532774.BO"
"517494","517494.BO"
"531897","531897.BO"
"526347","526347.BO"
"530093","530093.BO"
"517356","517356.BO"
"530901","530901.BO"
"533330","533330.BO"
"513149","513149.BO"
"524091","524091.BO"
"532762","532762.BO"
"511706","511706.BO"
"512599","512599.BO"
"532921","532921.BO"
"533096","533096.BO"
"523411","523411.BO"
"507852","507852.BO"
"519183","519183.BO"
"532727","532727.BO"
"500303","500303.BO"
"530117","530117.BO"
"590088","590088.BO"
"532056","532056.BO"
"522150","522150.BO"
"511359","511359.BO"
"530431","530431.BO"
"517041","517041.BO"
"531047","531047.BO"
"512149","512149.BO"
"517552","517552.BO"
"523269","523269.BO"
"532840","532840.BO"
"531429","531429.BO"
"531686","531686.BO"
"500003","500003.BO"
"503655","503655.BO"
"530707","530707.BO"
"531921","531921.BO"
"500463","500463.BO"
"519281","519281.BO"
"500215","500215.BO"
"533314","533314.BO"
"524448","524448.BO"
"532811","532811.BO"
"513335","513335.BO"
"522273","522273.BO"
"532806","532806.BO"
"532683","532683.BO"
"532309","532309.BO"
"524288","524288.BO"
"532975","532975.BO"
"532331","532331.BO"
"519216","519216.BO"
"511692","511692.BO"
"513349","513349.BO"
"530621","530621.BO"
"532351","532351.BO"
"524598","524598.BO"
"500710","500710.BO"
"524075","524075.BO"
"506230","506230.BO"
"531409","531409.BO"
"526707","526707.BO"
"533573","533573.BO"
"506235","506235.BO"
"517546","517546.BO"
"505216","505216.BO"
"531147","531147.BO"
"530889","530889.BO"
"532166","532166.BO"
"533029","533029.BO"
"506767","506767.BO"
"532480","532480.BO"
"532749","532749.BO"
"532919","532919.BO"
"532875","532875.BO"
"532633","532633.BO"
"511589","511589.BO"
"531400","531400.BO"
"521070","521070.BO"
"532878","532878.BO"
"531720","531720.BO"
"531247","531247.BO"
"526397","526397.BO"
"530715","530715.BO"
"522275","522275.BO"
"524634","524634.BO"
"513309","513309.BO"
"500008","500008.BO"
"532664","532664.BO"
"532335","532335.BO"
"531978","531978.BO"
"500425","500425.BO"
"530133","530133.BO"
"532828","532828.BO"
"513117","513117.BO"
"506248","506248.BO"
"531557","531557.BO"
"521076","521076.BO"
"526241","526241.BO"
"531991","531991.BO"
"531728","531728.BO"
"507525","507525.BO"
"590006","590006.BO"
"520077","520077.BO"
"532282","532282.BO"
"515055","515055.BO"
"532418","532418.BO"
"532141","532141.BO"
"502330","502330.BO"
"500012","500012.BO"
"590062","590062.BO"
"526173","526173.BO"
"530721","530721.BO"
"519383","519383.BO"
"504629","504629.BO"
"532910","532910.BO"
"521131","521131.BO"
"518091","518091.BO"
"531223","531223.BO"
"532870","532870.BO"
"531683","531683.BO"
"531519","531519.BO"
"530799","530799.BO"
"523007","523007.BO"
"507828","507828.BO"
"500013","500013.BO"
"505665","505665.BO"
"532981","532981.BO"
"506260","506260.BO"
"532259","532259.BO"
"523694","523694.BO"
"533758","533758.BO"
"517096","517096.BO"
"523537","523537.BO"
"512437","512437.BO"
"508869","508869.BO"
"500877","500877.BO"
"500014","500014.BO"
"507265","507265.BO"
"532475","532475.BO"
"590033","590033.BO"
"533159","533159.BO"
"512344","512344.BO"
"531160","531160.BO"
"520121","520121.BO"
"530565","530565.BO"
"532994","532994.BO"
"532212","532212.BO"
"532914","532914.BO"
"530261","530261.BO"
"532114","532114.BO"
"530967","530967.BO"
"532935","532935.BO"
"506194","506194.BO"
"511605","511605.BO"
"531179","531179.BO"
"513729","513729.BO"
"531560","531560.BO"
"512273","512273.BO"
"521174","521174.BO"
"533068","533068.BO"
"506074","506074.BO"
"531320","531320.BO"
"533163","533163.BO"
"531297","531297.BO"
"509026","509026.BO"
"522134","522134.BO"
"590114","590114.BO"
"524760","524760.BO"
"500101","500101.BO"
"531823","531823.BO"
"515030","515030.BO"
"512535","512535.BO"
"532853","532853.BO"
"534564","534564.BO"
"527001","527001.BO"
"517565","517565.BO"
"519174","519174.BO"
"523716","523716.BO"
"513401","513401.BO"
"590122","590122.BO"
"514286","514286.BO"
"512247","512247.BO"
"526847","526847.BO"
"500477","500477.BO"
"533271","533271.BO"
"524594","524594.BO"
"531568","531568.BO"
"532435","532435.BO"
"503940","503940.BO"
"532047","532047.BO"
"532888","532888.BO"
"533227","533227.BO"
"533221","533221.BO"
"530355","530355.BO"
"500820","500820.BO"
"519532","519532.BO"
"500023","500023.BO"
"530723","530723.BO"
"526433","526433.BO"
"500024","500024.BO"
"502015","502015.BO"
"533138","533138.BO"
"533219","533219.BO"
"532493","532493.BO"
"532830","532830.BO"
"506820","506820.BO"
"530187","530187.BO"
"532759","532759.BO"
"505029","505029.BO"
"511427","511427.BO"
"524444","524444.BO"
"531795","531795.BO"
"500027","500027.BO"
"500028","500028.BO"
"532459","532459.BO"
"502352","502352.BO"
"532668","532668.BO"
"530233","530233.BO"
"524804","524804.BO"
"530885","530885.BO"
"522005","522005.BO"
"533016","533016.BO"
"505010","505010.BO"
"505036","505036.BO"
"532797","532797.BO"
"500029","500029.BO"
"520119","520119.BO"
"500030","500030.BO"
"532406","532406.BO"
"512573","512573.BO"
"532995","532995.BO"
"531541","531541.BO"
"519105","519105.BO"
"513642","513642.BO"
"532215","532215.BO"
"531278","531278.BO"
"533570","533570.BO"
"532395","532395.BO"
"505506","505506.BO"
"523019","523019.BO"
"532989","532989.BO"
"531733","531733.BO"
"532507","532507.BO"
"511724","511724.BO"
"500490","500490.BO"
"532977","532977.BO"
"533229","533229.BO"
"500031","500031.BO"
"532978","532978.BO"
"507944","507944.BO"
"500032","500032.BO"
"500034","500034.BO"
"524824","524824.BO"
"514199","514199.BO"
"530999","530999.BO"
"532382","532382.BO"
"500102","500102.BO"
"513142","513142.BO"
"502355","502355.BO"
"532485","532485.BO"
"523319","523319.BO"
"500038","500038.BO"
"520127","520127.BO"
"519295","519295.BO"
"531591","531591.BO"
"526849","526849.BO"
"509053","509053.BO"
"500039","500039.BO"
"532946","532946.BO"
"532525","532525.BO"
"500041","500041.BO"
"532674","532674.BO"
"503722","503722.BO"
"532916","532916.BO"
"513502","513502.BO"
"532694","532694.BO"
"524687","524687.BO"
"500042","500042.BO"
"500043","500043.BO"
"522004","522004.BO"
"506285","506285.BO"
"508136","508136.BO"
"524828","524828.BO"
"531937","531937.BO"
"533270","533270.BO"
"500048","500048.BO"
"509438","509438.BO"
"532230","532230.BO"
"533095","533095.BO"
"524737","524737.BO"
"509480","509480.BO"
"524606","524606.BO"
"531582","531582.BO"
"500046","500046.BO"
"533303","533303.BO"
"532430","532430.BO"
"517421","517421.BO"
"511664","511664.BO"
"533499","533499.BO"
"532930","532930.BO"
"524663","524663.BO"
"500051","500051.BO"
"530803","530803.BO"
"531719","531719.BO"
"530095","530095.BO"
"504646","504646.BO"
"532845","532845.BO"
"512296","512296.BO"
"512608","512608.BO"
"500052","500052.BO"
"503960","503960.BO"
"500049","500049.BO"
"531862","531862.BO"
"500493","500493.BO"
"505688","505688.BO"
"500547","500547.BO"
"523229","523229.BO"
"532609","532609.BO"
"532454","532454.BO"
"526666","526666.BO"
"524332","524332.BO"
"518017","518017.BO"
"500103","500103.BO"
"533108","533108.BO"
"506027","506027.BO"
"500055","500055.BO"
"513333","513333.BO"
"500058","500058.BO"
"526853","526853.BO"
"531590","531590.BO"
"505681","505681.BO"
"500059","500059.BO"
"512253","512253.BO"
"532523","532523.BO"
"524396","524396.BO"
"534535","534535.BO"
"532330","532330.BO"
"511607","511607.BO"
"500335","500335.BO"
"533006","533006.BO"
"500060","500060.BO"
"517001","517001.BO"
"522105","522105.BO"
"533469","533469.BO"
"531671","531671.BO"
"526709","526709.BO"
"532719","532719.BO"
"506981","506981.BO"
"514183","514183.BO"
"531570","531570.BO"
"532290","532290.BO"
"506197","506197.BO"
"526225","526225.BO"
"531175","531175.BO"
"531936","531936.BO"
"508939","508939.BO"
"526612","526612.BO"
"500067","500067.BO"
"532346","532346.BO"
"532781","532781.BO"
"531713","531713.BO"
"531495","531495.BO"
"500069","500069.BO"
"532134","532134.BO"
"532149","532149.BO"
"530809","530809.BO"
"523457","523457.BO"
"524370","524370.BO"
"500020","500020.BO"
"501425","501425.BO"
"509470","509470.BO"
"532678","532678.BO"
"506315","506315.BO"
"502219","502219.BO"
"500530","500530.BO"
"531458","531458.BO"
"500074","500074.BO"
"505690","505690.BO"
"531194","531194.BO"
"520115","520115.BO"
"533059","533059.BO"
"530207","530207.BO"
"511628","511628.BO"
"532929","532929.BO"
"526731","526731.BO"
"500825","500825.BO"
"934792","934792.BO"
"532816","532816.BO"
"533543","533543.BO"
"590061","590061.BO"
"533276","533276.BO"
"532123","532123.BO"
"514045","514045.BO"
"533408","533408.BO"
"532931","532931.BO"
"531373","531373.BO"
"532813","532813.BO"
"500077","500077.BO"
"532321","532321.BO"
"532792","532792.BO"
"526652","526652.BO"
"532801","532801.BO"
"532834","532834.BO"
"500078","500078.BO"
"590076","590076.BO"
"532483","532483.BO"
"511196","511196.BO"
"533267","533267.BO"
"511505","511505.BO"
"524742","524742.BO"
"511720","511720.BO"
"512169","512169.BO"
"509486","509486.BO"
"513375","513375.BO"
"533260","533260.BO"
"500870","500870.BO"
"531682","531682.BO"
"531900","531900.BO"
"519600","519600.BO"
"532405","532405.BO"
"500878","500878.BO"
"533272","533272.BO"
"514171","514171.BO"
"532871","532871.BO"
"522251","522251.BO"
"531380","531380.BO"
"532885","532885.BO"
"501827","501827.BO"
"509499","509499.BO"
"517544","517544.BO"
"500280","500280.BO"
"500083","500083.BO"
"500040","500040.BO"
"532548","532548.BO"
"532443","532443.BO"
"532413","532413.BO"
"500084","500084.BO"
"530307","530307.BO"
"512301","512301.BO"
"500085","500085.BO"
"522292","522292.BO"
"530309","530309.BO"
"512624","512624.BO"
"511696","511696.BO"
"531977","531977.BO"
"526917","526917.BO"
"530871","530871.BO"
"533026","533026.BO"
"506894","506894.BO"
"500110","500110.BO"
"521056","521056.BO"
"590001","590001.BO"
"526817","526817.BO"
"530495","530495.BO"
"509011","509011.BO"
"521244","521244.BO"
"532992","532992.BO"
"531364","531364.BO"
"531358","531358.BO"
"530427","530427.BO"
"511243","511243.BO"
"519475","519475.BO"
"501833","501833.BO"
"530191","530191.BO"
"590089","590089.BO"
"533407","533407.BO"
"530829","530829.BO"
"505230","505230.BO"
"532807","532807.BO"
"530457","530457.BO"
"532324","532324.BO"
"500087","500087.BO"
"532913","532913.BO"
"502445","502445.BO"
"506373","506373.BO"
"532210","532210.BO"
"507515","507515.BO"
"506390","506390.BO"
"533288","533288.BO"
"523200","523200.BO"
"511672","511672.BO"
"505052","505052.BO"
"533304","533304.BO"
"517326","517326.BO"
"500147","500147.BO"
"517330","517330.BO"
"512018","512018.BO"
"533278","533278.BO"
"520131","520131.BO"
"513353","513353.BO"
"500830","500830.BO"
"532172","532172.BO"
"531216","531216.BO"
"532342","532342.BO"
"526141","526141.BO"
"531041","531041.BO"
"532456","532456.BO"
"532339","532339.BO"
"532363","532363.BO"
"507833","507833.BO"
"522231","522231.BO"
"531261","531261.BO"
"526829","526829.BO"
"532902","532902.BO"
"530067","530067.BO"
"523232","523232.BO"
"531344","531344.BO"
"522295","522295.BO"
"524506","524506.BO"
"533011","533011.BO"
"532941","532941.BO"
"512199","512199.BO"
"506395","506395.BO"
"532179","532179.BO"
"526737","526737.BO"
"530545","530545.BO"
"508814","508814.BO"
"526550","526550.BO"
"531624","531624.BO"
"523415","523415.BO"
"533144","533144.BO"
"512093","512093.BO"
"522001","522001.BO"
"509472","509472.BO"
"524388","524388.BO"
"532392","532392.BO"
"512379","512379.BO"
"526785","526785.BO"
"532542","532542.BO"
"500092","500092.BO"
"590125","590125.BO"
"531648","531648.BO"
"500093","500093.BO"
"590050","590050.BO"
"526027","526027.BO"
"511710","511710.BO"
"500480","500480.BO"
"530843","530843.BO"
"512361","512361.BO"
"532332","532332.BO"
"531472","531472.BO"
"532640","532640.BO"
"532271","532271.BO"
"532173","532173.BO"
"533151","533151.BO"
"533160","533160.BO"
"532783","532783.BO"
"500096","500096.BO"
"526821","526821.BO"
"530825","530825.BO"
"533309","533309.BO"
"500097","500097.BO"
"521220","521220.BO"
"532329","532329.BO"
"532528","532528.BO"
"526443","526443.BO"
"531270","531270.BO"
"530393","530393.BO"
"511611","511611.BO"
"502820","502820.BO"
"523367","523367.BO"
"523369","523369.BO"
"500117","500117.BO"
"590031","590031.BO"
"502137","502137.BO"
"505703","505703.BO"
"532608","532608.BO"
"531989","531989.BO"
"512068","512068.BO"
"532858","532858.BO"
"532760","532760.BO"
"500645","500645.BO"
"506401","506401.BO"
"514030","514030.BO"
"532848","532848.BO"
"504286","504286.BO"
"533137","533137.BO"
"532121","532121.BO"
"520022","520022.BO"
"532772","532772.BO"
"531171","531171.BO"
"531585","531585.BO"
"511072","511072.BO"
"519588","519588.BO"
"502512","502512.BO"
"500119","500119.BO"
"531923","531923.BO"
"507717","507717.BO"
"531198","531198.BO"
"532180","532180.BO"
"532903","532903.BO"
"506405","506405.BO"
"511451","511451.BO"
"507442","507442.BO"
"517514","517514.BO"
"526971","526971.BO"
"531306","531306.BO"
"531237","531237.BO"
"533336","533336.BO"
"508860","508860.BO"
"500120","500120.BO"
"522163","522163.BO"
"530959","530959.BO"
"500089","500089.BO"
"503796","503796.BO"
"506414","506414.BO"
"524590","524590.BO"
"526927","526927.BO"
"500068","500068.BO"
"532839","532839.BO"
"532526","532526.BO"
"532488","532488.BO"
"511636","511636.BO"
"532868","532868.BO"
"533146","533146.BO"
"517973","517973.BO"
"505526","505526.BO"
"531367","531367.BO"
"526504","526504.BO"
"522261","522261.BO"
"512519","512519.BO"
"523736","523736.BO"
"533176","533176.BO"
"526783","526783.BO"
"500124","500124.BO"
"523618","523618.BO"
"934809","934809.BO"
"523890","523890.BO"
"524276","524276.BO"
"514418","514418.BO"
"531471","531471.BO"
"590063","590063.BO"
"509130","509130.BO"
"517437","517437.BO"
"532610","532610.BO"
"532365","532365.BO"
"505242","505242.BO"
"532707","532707.BO"
"531533","531533.BO"
"500125","500125.BO"
"520081","520081.BO"
"590022","590022.BO"
"531346","531346.BO"
"532751","532751.BO"
"532491","532491.BO"
"532927","532927.BO"
"523732","523732.BO"
"526703","526703.BO"
"530643","530643.BO"
"532922","532922.BO"
"533055","533055.BO"
"532696","532696.BO"
"505200","505200.BO"
"526560","526560.BO"
"523127","523127.BO"
"500840","500840.BO"
"523708","523708.BO"
"530581","530581.BO"
"531144","531144.BO"
"513452","513452.BO"
"500123","500123.BO"
"524830","524830.BO"
"532322","532322.BO"
"500128","500128.BO"
"505700","505700.BO"
"533264","533264.BO"
"526608","526608.BO"
"526473","526473.BO"
"526705","526705.BO"
"522074","522074.BO"
"517477","517477.BO"
"504000","504000.BO"
"530835","530835.BO"
"533218","533218.BO"
"531162","531162.BO"
"533208","533208.BO"
"504008","504008.BO"
"533161","533161.BO"
"524768","524768.BO"
"532038","532038.BO"
"532920","532920.BO"
"500132","500132.BO"
"509525","509525.BO"
"531470","531470.BO"
"504351","504351.BO"
"532219","532219.BO"
"532178","532178.BO"
"533477","533477.BO"
"512369","512369.BO"
"512135","512135.BO"
"532700","532700.BO"
"532287","532287.BO"
"526574","526574.BO"
"500246","500246.BO"
"532658","532658.BO"
"523754","523754.BO"
"530407","530407.BO"
"524374","524374.BO"
"531155","531155.BO"
"531615","531615.BO"
"530323","530323.BO"
"533261","533261.BO"
"531502","531502.BO"
"500133","500133.BO"
"511716","511716.BO"
"500495","500495.BO"
"514118","514118.BO"
"532787","532787.BO"
"500134","500134.BO"
"533149","533149.BO"
"533704","533704.BO"
"500630","500630.BO"
"500135","500135.BO"
"500136","500136.BO"
"532823","532823.BO"
"533109","533109.BO"
"531082","531082.BO"
"521014","521014.BO"
"531508","531508.BO"
"508906","508906.BO"
"532684","532684.BO"
"532876","532876.BO"
"532511","532511.BO"
"502223","502223.BO"
"533090","533090.BO"
"530337","530337.BO"
"500086","500086.BO"
"530571","530571.BO"
"526614","526614.BO"
"532656","532656.BO"
"532657","532657.BO"
"511668","511668.BO"
"505790","505790.BO"
"514474","514474.BO"
"520145","520145.BO"
"509527","509527.BO"
"532631","532631.BO"
"590094","590094.BO"
"531252","531252.BO"
"532084","532084.BO"
"532666","532666.BO"
"531599","531599.BO"
"505744","505744.BO"
"500139","500139.BO"
"500469","500469.BO"
"530863","530863.BO"
"526689","526689.BO"
"500141","500141.BO"
"590024","590024.BO"
"533896","533896.BO"
"500142","500142.BO"
"507910","507910.BO"
"532768","532768.BO"
"532022","532022.BO"
"526227","526227.BO"
"531486","531486.BO"
"531820","531820.BO"
"526881","526881.BO"
"512219","512219.BO"
"517264","517264.BO"
"533333","533333.BO"
"500144","500144.BO"
"500940","500940.BO"
"531754","531754.BO"
"511122","511122.BO"
"511369","511369.BO"
"500145","500145.BO"
"532996","532996.BO"
"532379","532379.BO"
"532545","532545.BO"
"523576","523576.BO"
"523672","523672.BO"
"533638","533638.BO"
"522017","522017.BO"
"533296","533296.BO"
"507552","507552.BO"
"502865","502865.BO"
"500033","500033.BO"
"532843","532843.BO"
"523696","523696.BO"
"530023","530023.BO"
"500150","500150.BO"
"532521","532521.BO"
"532403","532403.BO"
"530077","530077.BO"
"521167","521167.BO"
"533213","533213.BO"
"531225","531225.BO"
"522195","522195.BO"
"532809","532809.BO"
"506803","506803.BO"
"534063","534063.BO"
"500720","500720.BO"
"523113","523113.BO"
"532938","532938.BO"
"533400","533400.BO"
"507488","507488.BO"
"517564","517564.BO"
"513059","513059.BO"
"523277","523277.BO"
"505714","505714.BO"
"524624","524624.BO"
"531196","531196.BO"
"532155","532155.BO"
"504697","504697.BO"
"506186","506186.BO"
"532726","532726.BO"
"509550","509550.BO"
"532959","532959.BO"
"513108","513108.BO"
"530237","530237.BO"
"500153","500153.BO"
"514167","514167.BO"
"526367","526367.BO"
"532643","532643.BO"
"530945","530945.BO"
"521176","521176.BO"
"500155","500155.BO"
"530615","530615.BO"
"526727","526727.BO"
"512493","512493.BO"
"509563","509563.BO"
"500655","500655.BO"
"509557","509557.BO"
"532622","532622.BO"
"532345","532345.BO"
"524564","524564.BO"
"532767","532767.BO"
"532183","532183.BO"
"531601","531601.BO"
"514394","514394.BO"
"504028","504028.BO"
"532764","532764.BO"
"530389","530389.BO"
"530743","530743.BO"
"532318","532318.BO"
"531137","531137.BO"
"506109","506109.BO"
"531939","531939.BO"
"531739","531739.BO"
"530343","530343.BO"
"503699","503699.BO"
"532285","532285.BO"
"532312","532312.BO"
"531055","531055.BO"
"500171","500171.BO"
"533048","533048.BO"
"511676","511676.BO"
"532716","532716.BO"
"507815","507815.BO"
"590025","590025.BO"
"532715","532715.BO"
"531613","531613.BO"
"533212","533212.BO"
"500660","500660.BO"
"500676","500676.BO"
"532296","532296.BO"
"513528","513528.BO"
"530263","530263.BO"
"501848","501848.BO"
"530657","530657.BO"
"532773","532773.BO"
"511503","511503.BO"
"531904","531904.BO"
"533104","533104.BO"
"532672","532672.BO"
"532857","532857.BO"
"590085","590085.BO"
"531881","531881.BO"
"505255","505255.BO"
"532754","532754.BO"
"513536","513536.BO"
"509567","509567.BO"
"530317","530317.BO"
"532734","532734.BO"
"500163","500163.BO"
"532424","532424.BO"
"500164","500164.BO"
"533150","533150.BO"
"533189","533189.BO"
"532957","532957.BO"
"532630","532630.BO"
"532980","532980.BO"
"590095","590095.BO"
"530579","530579.BO"
"526951","526951.BO"
"500151","500151.BO"
"526729","526729.BO"
"532439","532439.BO"
"531439","531439.BO"
"530701","530701.BO"
"504701","504701.BO"
"530655","530655.BO"
"500166","500166.BO"
"500168","500168.BO"
"526717","526717.BO"
"531419","531419.BO"
"531111","531111.BO"
"509148","509148.BO"
"533248","533248.BO"
"590126","590126.BO"
"532482","532482.BO"
"509488","509488.BO"
"500300","500300.BO"
"526751","526751.BO"
"505710","505710.BO"
"533282","533282.BO"
"532015","532015.BO"
"500620","500620.BO"
"532786","532786.BO"
"501455","501455.BO"
"526797","526797.BO"
"533263","533263.BO"
"508918","508918.BO"
"506076","506076.BO"
"531449","531449.BO"
"511288","511288.BO"
"530605","530605.BO"
"532951","532951.BO"
"532139","532139.BO"
"532775","532775.BO"
"500160","500160.BO"
"500170","500170.BO"
"532744","532744.BO"
"509079","509079.BO"
"524226","524226.BO"
"522217","522217.BO"
"514386","514386.BO"
"532702","532702.BO"
"530001","530001.BO"
"505712","505712.BO"
"523768","523768.BO"
"500173","500173.BO"
"531410","531410.BO"
"523477","523477.BO"
"507960","507960.BO"
"517300","517300.BO"
"500174","500174.BO"
"524754","524754.BO"
"532181","532181.BO"
"526598","526598.BO"
"500670","500670.BO"
"512579","512579.BO"
"523836","523836.BO"
"509152","509152.BO"
"518029","518029.BO"
"500690","500690.BO"
"532160","532160.BO"
"524314","524314.BO"
"570003","570003.BO"
"506480","506480.BO"
"532425","532425.BO"
"532457","532457.BO"
"532708","532708.BO"
"533275","533275.BO"
"532145","532145.BO"
"515147","515147.BO"
"517296","517296.BO"
"532770","532770.BO"
"509597","509597.BO"
"590043","590043.BO"
"526931","526931.BO"
"500467","500467.BO"
"532855","532855.BO"
"531387","531387.BO"
"509073","509073.BO"
"533162","533162.BO"
"531531","531531.BO"
"517354","517354.BO"
"508486","508486.BO"
"532467","532467.BO"
"532334","532334.BO"
"508956","508956.BO"
"532333","532333.BO"
"532216","532216.BO"
"517271","517271.BO"
"500179","500179.BO"
"532281","532281.BO"
"500010","500010.BO"
"500180","500180.BO"
"533230","533230.BO"
"961682","961682.BO"
"509631","509631.BO"
"500292","500292.BO"
"532347","532347.BO"
"532671","532671.BO"
"505720","505720.BO"
"519552","519552.BO"
"500182","500182.BO"
"524669","524669.BO"
"534328","534328.BO"
"532129","532129.BO"
"532859","532859.BO"
"504176","504176.BO"
"524735","524735.BO"
"530053","530053.BO"
"532847","532847.BO"
"500183","500183.BO"
"500184","500184.BO"
"526899","526899.BO"
"514043","514043.BO"
"531979","531979.BO"
"509895","509895.BO"
"500696","500696.BO"
"500185","500185.BO"
"513599","513599.BO"
"509627","509627.BO"
"505725","505725.BO"
"505893","505893.BO"
"526307","526307.BO"
"500500","500500.BO"
"515145","515145.BO"
"500186","500186.BO"
"500449","500449.BO"
"500104","500104.BO"
"504036","504036.BO"
"530315","530315.BO"
"500440","500440.BO"
"514428","514428.BO"
"505982","505982.BO"
"500189","500189.BO"
"500188","500188.BO"
"532041","532041.BO"
"501945","501945.BO"
"530853","530853.BO"
"533256","533256.BO"
"506170","506170.BO"
"523398","523398.BO"
"522073","522073.BO"
"526217","526217.BO"
"531661","531661.BO"
"500191","500191.BO"
"533217","533217.BO"
"522064","522064.BO"
"517174","517174.BO"
"500193","500193.BO"
"532873","532873.BO"
"532761","532761.BO"
"526761","526761.BO"
"500187","500187.BO"
"532662","532662.BO"
"532799","532799.BO"
"961734","961734.BO"
"509675","509675.BO"
"524019","524019.BO"
"504731","504731.BO"
"531524","531524.BO"
"500199","500199.BO"
"519463","519463.BO"
"532960","532960.BO"
"532174","532174.BO"
"533244","533244.BO"
"532835","532835.BO"
"500116","500116.BO"
"533719","533719.BO"
"532822","532822.BO"
"531840","531840.BO"
"507438","507438.BO"
"505726","505726.BO"
"500106","500106.BO"
"972655","972655.BO"
"972656","972656.BO"
"532133","532133.BO"
"511682","511682.BO"
"517380","517380.BO"
"934819","934819.BO"
"530719","530719.BO"
"511208","511208.BO"
"533177","533177.BO"
"532907","532907.BO"
"532614","532614.BO"
"517571","517571.BO"
"526610","526610.BO"
"531129","531129.BO"
"517370","517370.BO"
"511355","511355.BO"
"532636","532636.BO"
"533329","533329.BO"
"514165","514165.BO"
"523465","523465.BO"
"511473","511473.BO"
"509692","509692.BO"
"500201","500201.BO"
"504741","504741.BO"
"524652","524652.BO"
"523586","523586.BO"
"509162","509162.BO"
"532832","532832.BO"
"533520","533520.BO"
"530005","530005.BO"
"531253","531253.BO"
"530979","530979.BO"
"590065","590065.BO"
"532240","532240.BO"
"501700","501700.BO"
"532189","532189.BO"
"533122","533122.BO"
"532544","532544.BO"
"506131","506131.BO"
"532814","532814.BO"
"524614","524614.BO"
"500850","500850.BO"
"509051","509051.BO"
"533047","533047.BO"
"530965","530965.BO"
"532388","532388.BO"
"500319","500319.BO"
"524648","524648.BO"
"524342","524342.BO"
"521016","521016.BO"
"500207","500207.BO"
"533676","533676.BO"
"532100","532100.BO"
"532612","532612.BO"
"504092","504092.BO"
"533257","533257.BO"
"532717","532717.BO"
"532514","532514.BO"
"532150","532150.BO"
"522165","522165.BO"
"532305","532305.BO"
"504336","504336.BO"
"632187","632187.BO"
"501298","501298.BO"
"501295","501295.BO"
"532821","532821.BO"
"531841","531841.BO"
"532187","532187.BO"
"533154","533154.BO"
"532777","532777.BO"
"530703","530703.BO"
"509069","509069.BO"
"504810","504810.BO"
"500209","500209.BO"
"532175","532175.BO"
"532659","532659.BO"
"530777","530777.BO"
"590118","590118.BO"
"531807","531807.BO"
"500210","500210.BO"
"523840","523840.BO"
"533315","533315.BO"
"531929","531929.BO"
"533402","533402.BO"
"517433","517433.BO"
"532706","532706.BO"
"532851","532851.BO"
"500211","500211.BO"
"509709","509709.BO"
"526871","526871.BO"
"530921","530921.BO"
"532303","532303.BO"
"531777","531777.BO"
"532326","532326.BO"
"532072","532072.BO"
"511391","511391.BO"
"526859","526859.BO"
"530259","530259.BO"
"505737","505737.BO"
"500213","500213.BO"
"530519","530519.BO"
"531289","531289.BO"
"526512","526512.BO"
"533181","533181.BO"
"533506","533506.BO"
"504786","504786.BO"
"523844","523844.BO"
"531398","531398.BO"
"524164","524164.BO"
"512185","512185.BO"
"500214","500214.BO"
"523638","523638.BO"
"524494","524494.BO"
"532947","532947.BO"
"531337","531337.BO"
"524400","524400.BO"
"532479","532479.BO"
"700109","700109.BO"
"508807","508807.BO"
"513361","513361.BO"
"500875","500875.BO"
"509496","509496.BO"
"523610","523610.BO"
"522183","522183.BO"
"507580","507580.BO"
"530773","530773.BO"
"532881","532881.BO"
"532894","532894.BO"
"522245","522245.BO"
"532209","532209.BO"
"532940","532940.BO"
"506943","506943.BO"
"530049","530049.BO"
"532518","532518.BO"
"507155","507155.BO"
"532705","532705.BO"
"520139","520139.BO"
"530601","530601.BO"
"507789","507789.BO"
"512237","512237.BO"
"532976","532976.BO"
"531339","531339.BO"
"523467","523467.BO"
"500219","500219.BO"
"532033","532033.BO"
"526865","526865.BO"
"505840","505840.BO"
"532532","532532.BO"
"526558","526558.BO"
"520051","520051.BO"
"502901","502901.BO"
"526523","526523.BO"
"514312","514312.BO"
"522285","522285.BO"
"524330","524330.BO"
"512129","512129.BO"
"520066","520066.BO"
"500306","500306.BO"
"509715","509715.BO"
"506520","506520.BO"
"506910","506910.BO"
"514034","514034.BO"
"532605","532605.BO"
"500222","500222.BO"
"500223","500223.BO"
"524592","524592.BO"
"524731","524731.BO"
"523592","523592.BO"
"532617","532617.BO"
"517063","517063.BO"
"590054","590054.BO"
"531550","531550.BO"
"532771","532771.BO"
"511618","511618.BO"
"530405","530405.BO"
"511034","511034.BO"
"507981","507981.BO"
"531960","531960.BO"
"500227","500227.BO"
"500378","500378.BO"
"532642","532642.BO"
"532286","532286.BO"
"531543","531543.BO"
"533103","533103.BO"
"532624","532624.BO"
"570004","570004.BO"
"523062","523062.BO"
"532644","532644.BO"
"500380","500380.BO"
"532162","532162.BO"
"532519","532519.BO"
"530007","530007.BO"
"534044","534044.BO"
"506522","506522.BO"
"523405","523405.BO"
"522263","522263.BO"
"511092","511092.BO"
"513691","513691.BO"
"502335","502335.BO"
"590079","590079.BO"
"505750","505750.BO"
"533207","533207.BO"
"532627","532627.BO"
"530985","530985.BO"
"532745","532745.BO"
"506016","506016.BO"
"532508","532508.BO"
"504080","504080.BO"
"700085","700085.BO"
"533148","533148.BO"
"500305","500305.BO"
"500228","500228.BO"
"530019","530019.BO"
"533320","533320.BO"
"533155","533155.BO"
"516078","516078.BO"
"590104","590104.BO"
"524826","524826.BO"
"519248","519248.BO"
"531537","531537.BO"
"532926","532926.BO"
"504076","504076.BO"
"514448","514448.BO"
"513250","513250.BO"
"961698","961698.BO"
"532889","532889.BO"
"526209","526209.BO"
"524322","524322.BO"
"524109","524109.BO"
"531778","531778.BO"
"531784","531784.BO"
"530479","530479.BO"
"504840","504840.BO"
"531780","531780.BO"
"500233","500233.BO"
"500234","500234.BO"
"532268","532268.BO"
"523810","523810.BO"
"522259","522259.BO"
"522287","522287.BO"
"526409","526409.BO"
"590036","590036.BO"
"533302","533302.BO"
"500235","500235.BO"
"514322","514322.BO"
"511131","511131.BO"
"526668","526668.BO"
"532741","532741.BO"
"506184","506184.BO"
"530165","530165.BO"
"590084","590084.BO"
"500236","500236.BO"
"532367","532367.BO"
"513456","513456.BO"
"506525","506525.BO"
"507779","507779.BO"
"500165","500165.BO"
"590053","590053.BO"
"533451","533451.BO"
"512585","512585.BO"
"532652","532652.BO"
"531363","531363.BO"
"590003","590003.BO"
"531687","531687.BO"
"502933","502933.BO"
"530977","530977.BO"
"532925","532925.BO"
"532899","532899.BO"
"590041","590041.BO"
"530255","530255.BO"
"504084","504084.BO"
"526067","526067.BO"
"590066","590066.BO"
"533192","533192.BO"
"532054","532054.BO"
"532291","532291.BO"
"532714","532714.BO"
"518011","518011.BO"
"517569","517569.BO"
"506528","506528.BO"
"512113","512113.BO"
"531163","531163.BO"
"526015","526015.BO"
"530547","530547.BO"
"505890","505890.BO"
"530163","530163.BO"
"532686","532686.BO"
"507180","507180.BO"
"533289","533289.BO"
"502937","502937.BO"
"532758","532758.BO"
"532732","532732.BO"
"512597","512597.BO"
"532747","532747.BO"
"500239","500239.BO"
"531609","531609.BO"
"533790","533790.BO"
"531612","531612.BO"
"507794","507794.BO"
"504269","504269.BO"
"531892","531892.BO"
"507435","507435.BO"
"531692","531692.BO"
"524699","524699.BO"
"522101","522101.BO"
"523218","523218.BO"
"524500","524500.BO"
"532067","532067.BO"
"500240","500240.BO"
"505190","505190.BO"
"531413","531413.BO"
"530443","530443.BO"
"961664","961664.BO"
"532967","532967.BO"
"500243","500243.BO"
"533297","533297.BO"
"500241","500241.BO"
"500245","500245.BO"
"533293","533293.BO"
"505283","505283.BO"
"533193","533193.BO"
"530145","530145.BO"
"521248","521248.BO"
"530235","530235.BO"
"532304","532304.BO"
"531269","531269.BO"
"514221","514221.BO"
"517170","517170.BO"
"507598","507598.BO"
"532673","532673.BO"
"524520","524520.BO"
"531578","531578.BO"
"532942","532942.BO"
"517471","517471.BO"
"531602","531602.BO"
"531366","531366.BO"
"519485","519485.BO"
"512559","512559.BO"
"523207","523207.BO"
"532924","532924.BO"
"524280","524280.BO"
"500247","500247.BO"
"590112","590112.BO"
"590107","590107.BO"
"532985","532985.BO"
"590097","590097.BO"
"507474","507474.BO"
"530299","530299.BO"
"532901","532901.BO"
"523323","523323.BO"
"532400","532400.BO"
"530813","530813.BO"
"524518","524518.BO"
"530139","530139.BO"
"506128","506128.BO"
"504392","504392.BO"
"526423","526423.BO"
"533210","533210.BO"
"523550","523550.BO"
"500249","500249.BO"
"519421","519421.BO"
"532081","532081.BO"
"532997","532997.BO"
"530149","530149.BO"
"532937","532937.BO"
"505299","505299.BO"
"523594","523594.BO"
"530421","530421.BO"
"531206","531206.BO"
"531882","531882.BO"
"511728","511728.BO"
"500250","500250.BO"
"524202","524202.BO"
"524522","524522.BO"
"531842","531842.BO"
"526049","526049.BO"
"504258","504258.BO"
"500252","500252.BO"
"502958","502958.BO"
"519570","519570.BO"
"506079","506079.BO"
"590069","590069.BO"
"590075","590075.BO"
"513605","513605.BO"
"532778","532778.BO"
"509048","509048.BO"
"532275","532275.BO"
"533012","533012.BO"
"526947","526947.BO"
"500510","500510.BO"
"532829","532829.BO"
"505302","505302.BO"
"531134","531134.BO"
"517415","517415.BO"
"533602","533602.BO"
"533007","533007.BO"
"530273","530273.BO"
"526596","526596.BO"
"511593","511593.BO"
"531027","531027.BO"
"500253","500253.BO"
"531241","531241.BO"
"531633","531633.BO"
"524103","524103.BO"
"524748","524748.BO"
"526604","526604.BO"
"590096","590096.BO"
"507912","507912.BO"
"517518","517518.BO"
"500254","500254.BO"
"507870","507870.BO"
"512455","512455.BO"
"500255","500255.BO"
"530745","530745.BO"
"533519","533519.BO"
"934790","934790.BO"
"532341","532341.BO"
"500256","500256.BO"
"532740","532740.BO"
"526568","526568.BO"
"530039","530039.BO"
"500284","500284.BO"
"530065","530065.BO"
"523475","523475.BO"
"532998","532998.BO"
"533343","533343.BO"
"514446","514446.BO"
"934781","934781.BO"
"934783","934783.BO"
"934784","934784.BO"
"526179","526179.BO"
"532796","532796.BO"
"532537","532537.BO"
"517206","517206.BO"
"526045","526045.BO"
"500257","500257.BO"
"500259","500259.BO"
"530689","530689.BO"
"534532","534532.BO"
"532720","532720.BO"
"526935","526935.BO"
"522241","522241.BO"
"590115","590115.BO"
"532906","532906.BO"
"531528","531528.BO"
"507836","507836.BO"
"523248","523248.BO"
"515093","515093.BO"
"531497","531497.BO"
"511638","511638.BO"
"519279","519279.BO"
"515059","515059.BO"
"511000","511000.BO"
"500260","500260.BO"
"501209","501209.BO"
"500264","500264.BO"
"524000","524000.BO"
"524270","524270.BO"
"517449","517449.BO"
"523872","523872.BO"
"530347","530347.BO"
"532896","532896.BO"
"500520","500520.BO"
"533088","533088.BO"
"500266","500266.BO"
"500265","500265.BO"
"513554","513554.BO"
"524232","524232.BO"
"514450","514450.BO"
"500108","500108.BO"
"519612","519612.BO"
"513460","513460.BO"
"531515","531515.BO"
"530059","530059.BO"
"590117","590117.BO"
"531664","531664.BO"
"506041","506041.BO"
"524138","524138.BO"
"532756","532756.BO"
"504823","504823.BO"
"532313","532313.BO"
"590078","590078.BO"
"500267","500267.BO"
"506919","506919.BO"
"501473","501473.BO"
"532728","532728.BO"
"502995","502995.BO"
"532637","532637.BO"
"513269","513269.BO"
"533169","533169.BO"
"532932","532932.BO"
"500268","500268.BO"
"531213","531213.BO"
"533204","533204.BO"
"502157","502157.BO"
"516007","516007.BO"
"530243","530243.BO"
"530011","530011.BO"
"533078","533078.BO"
"532950","532950.BO"
"505324","505324.BO"
"521018","521018.BO"
"700088","700088.BO"
"503101","503101.BO"
"530543","530543.BO"
"513648","513648.BO"
"500206","500206.BO"
"531642","531642.BO"
"526891","526891.BO"
"524404","524404.BO"
"513355","513355.BO"
"517467","517467.BO"
"531540","531540.BO"
"532500","532500.BO"
"530497","530497.BO"
"523704","523704.BO"
"511768","511768.BO"
"532470","532470.BO"
"511688","511688.BO"
"512167","512167.BO"
"590083","590083.BO"
"500248","500248.BO"
"523371","523371.BO"
"500271","500271.BO"
"534338","534338.BO"
"526538","526538.BO"
"532613","532613.BO"
"531680","531680.BO"
"522249","522249.BO"
"523792","523792.BO"
"533644","533644.BO"
"533152","533152.BO"
"532852","532852.BO"
"532654","532654.BO"
"532629","532629.BO"
"534091","534091.BO"
"523144","523144.BO"
"512267","512267.BO"
"503685","503685.BO"
"531146","531146.BO"
"531176","531176.BO"
"531417","531417.BO"
"532408","532408.BO"
"532865","532865.BO"
"511377","511377.BO"
"532307","532307.BO"
"523828","523828.BO"
"526235","526235.BO"
"500126","500126.BO"
"531357","531357.BO"
"532990","532990.BO"
"934830","934830.BO"
"934832","934832.BO"
"934834","934834.BO"
"961723","961723.BO"
"961724","961724.BO"
"961725","961725.BO"
"961726","961726.BO"
"526622","526622.BO"
"934828","934828.BO"
"513721","513721.BO"
"534185","534185.BO"
"532850","532850.BO"
"532494","532494.BO"
"533259","533259.BO"
"526251","526251.BO"
"500277","500277.BO"
"532416","532416.BO"
"533220","533220.BO"
"507621","507621.BO"
"526143","526143.BO"
"522235","522235.BO"
"531456","531456.BO"
"532539","532539.BO"
"517344","517344.BO"
"532819","532819.BO"
"530955","530955.BO"
"513377","513377.BO"
"523373","523373.BO"
"532164","532164.BO"
"500279","500279.BO"
"526642","526642.BO"
"532127","532127.BO"
"519287","519287.BO"
"503015","503015.BO"
"513303","513303.BO"
"500890","500890.BO"
"503776","503776.BO"
"506261","506261.BO"
"531453","531453.BO"
"533286","533286.BO"
"526263","526263.BO"
"533080","533080.BO"
"534422","534422.BO"
"532723","532723.BO"
"531595","531595.BO"
"513446","513446.BO"
"505343","505343.BO"
"524084","524084.BO"
"530167","530167.BO"
"532621","532621.BO"
"500288","500288.BO"
"523160","523160.BO"
"526237","526237.BO"
"513305","513305.BO"
"532407","532407.BO"
"517140","517140.BO"
"517334","517334.BO"
"532892","532892.BO"
"531096","531096.BO"
"507522","507522.BO"
"526299","526299.BO"
"500450","500450.BO"
"532440","532440.BO"
"500290","500290.BO"
"532376","532376.BO"
"500109","500109.BO"
"532650","532650.BO"
"534312","534312.BO"
"531919","531919.BO"
"532820","532820.BO"
"532097","532097.BO"
"500460","500460.BO"
"523832","523832.BO"
"530341","530341.BO"
"513265","513265.BO"
"517374","517374.BO"
"532357","532357.BO"
"700087","700087.BO"
"501477","501477.BO"
"526169","526169.BO"
"520059","520059.BO"
"520043","520043.BO"
"531821","531821.BO"
"515037","515037.BO"
"519323","519323.BO"
"511766","511766.BO"
"533398","533398.BO"
"530435","530435.BO"
"532991","532991.BO"
"506734","506734.BO"
"502405","502405.BO"
"502168","502168.BO"
"519494","519494.BO"
"530897","530897.BO"
"516082","516082.BO"
"533385","533385.BO"
"972536","972536.BO"
"524709","524709.BO"
"531832","531832.BO"
"532362","532362.BO"
"521109","521109.BO"
"532952","532952.BO"
"519136","519136.BO"
"523391","523391.BO"
"500296","500296.BO"
"521030","521030.BO"
"532256","532256.BO"
"532641","532641.BO"
"526739","526739.BO"
"513179","513179.BO"
"532234","532234.BO"
"500298","500298.BO"
"526616","526616.BO"
"524816","524816.BO"
"502407","502407.BO"
"526576","526576.BO"
"507813","507813.BO"
"523630","523630.BO"
"530119","530119.BO"
"531834","531834.BO"
"524654","524654.BO"
"513023","513023.BO"
"532504","532504.BO"
"508989","508989.BO"
"534309","534309.BO"
"500294","500294.BO"
"530557","530557.BO"
"511535","511535.BO"
"532529","532529.BO"
"532649","532649.BO"
"508670","508670.BO"
"531049","531049.BO"
"519560","519560.BO"
"532864","532864.BO"
"504112","504112.BO"
"523820","523820.BO"
"526195","526195.BO"
"500301","500301.BO"
"505355","505355.BO"
"500790","500790.BO"
"532912","532912.BO"
"511658","511658.BO"
"530811","530811.BO"
"511551","511551.BO"
"524558","524558.BO"
"531959","531959.BO"
"532045","532045.BO"
"513683","513683.BO"
"524774","524774.BO"
"533098","533098.BO"
"590028","590028.BO"
"526721","526721.BO"
"523209","523209.BO"
"590103","590103.BO"
"500304","500304.BO"
"532541","532541.BO"
"531272","531272.BO"
"530377","530377.BO"
"526905","526905.BO"
"530129","530129.BO"
"523385","523385.BO"
"511714","511714.BO"
"531598","531598.BO"
"530971","530971.BO"
"504058","504058.BO"
"532986","532986.BO"
"512425","512425.BO"
"500307","500307.BO"
"532789","532789.BO"
"532722","532722.BO"
"533202","533202.BO"
"532854","532854.BO"
"532698","532698.BO"
"506532","506532.BO"
"517534","517534.BO"
"511523","511523.BO"
"526371","526371.BO"
"506991","506991.BO"
"500730","500730.BO"
"523670","523670.BO"
"532481","532481.BO"
"534184","534184.BO"
"513566","513566.BO"
"531791","531791.BO"
"500310","500310.BO"
"500672","500672.BO"
"530367","530367.BO"
"503780","503780.BO"
"526723","526723.BO"
"532555","532555.BO"
"532798","532798.BO"
"509077","509077.BO"
"531209","531209.BO"
"526313","526313.BO"
"531304","531304.BO"
"533015","533015.BO"
"524764","524764.BO"
"533273","533273.BO"
"502165","502165.BO"
"533008","533008.BO"
"590090","590090.BO"
"521062","521062.BO"
"531996","531996.BO"
"500313","500313.BO"
"533106","533106.BO"
"526415","526415.BO"
"534190","534190.BO"
"531092","531092.BO"
"520021","520021.BO"
"532880","532880.BO"
"519479","519479.BO"
"531496","531496.BO"
"533317","533317.BO"
"532882","532882.BO"
"514324","514324.BO"
"533632","533632.BO"
"500312","500312.BO"
"532944","532944.BO"
"532607","532607.BO"
"517536","517536.BO"
"530135","530135.BO"
"532391","532391.BO"
"532466","532466.BO"
"512626","512626.BO"
"532837","532837.BO"
"524372","524372.BO"
"512097","512097.BO"
"531157","531157.BO"
"513121","513121.BO"
"504879","504879.BO"
"500314","500314.BO"
"502420","502420.BO"
"526325","526325.BO"
"534076","534076.BO"
"506579","506579.BO"
"532817","532817.BO"
"530365","530365.BO"
"500315","500315.BO"
"504864","504864.BO"
"590086","590086.BO"
"590074","590074.BO"
"531617","531617.BO"
"500317","500317.BO"
"500318","500318.BO"
"507260","507260.BO"
"514414","514414.BO"
"526747","526747.BO"
"531281","531281.BO"
"531118","531118.BO"
"532350","532350.BO"
"532827","532827.BO"
"511306","511306.BO"
"511525","511525.BO"
"531349","531349.BO"
"524820","524820.BO"
"508941","508941.BO"
"523307","523307.BO"
"513511","513511.BO"
"531726","531726.BO"
"531280","531280.BO"
"531816","531816.BO"
"570002","570002.BO"
"623574","623574.BO"
"523574","523574.BO"
"500322","500322.BO"
"509820","509820.BO"
"507970","507970.BO"
"533211","533211.BO"
"532606","532606.BO"
"530555","530555.BO"
"533399","533399.BO"
"521246","521246.BO"
"524689","524689.BO"
"505525","505525.BO"
"532034","532034.BO"
"532911","532911.BO"
"500162","500162.BO"
"511702","511702.BO"
"511176","511176.BO"
"532780","532780.BO"
"500456","500456.BO"
"521080","521080.BO"
"511734","511734.BO"
"526381","526381.BO"
"517417","517417.BO"
"531120","531120.BO"
"514326","514326.BO"
"532742","532742.BO"
"532676","532676.BO"
"514087","514087.BO"
"517119","517119.BO"
"500327","500327.BO"
"526562","526562.BO"
"523260","523260.BO"
"503031","503031.BO"
"700107","700107.BO"
"513405","513405.BO"
"513228","513228.BO"
"500329","500329.BO"
"526435","526435.BO"
"504132","504132.BO"
"533179","533179.BO"
"530381","530381.BO"
"532522","532522.BO"
"500680","500680.BO"
"531769","531769.BO"
"532808","532808.BO"
"524572","524572.BO"
"506590","506590.BO"
"526481","526481.BO"
"503100","503100.BO"
"526588","526588.BO"
"524808","524808.BO"
"523642","523642.BO"
"530305","530305.BO"
"507498","507498.BO"
"532355","532355.BO"
"500331","500331.BO"
"590121","590121.BO"
"507864","507864.BO"
"531879","531879.BO"
"514300","514300.BO"
"533107","533107.BO"
"532979","532979.BO"
"500302","500302.BO"
"532949","532949.BO"
"513611","513611.BO"
"513519","513519.BO"
"500333","500333.BO"
"523648","523648.BO"
"532117","532117.BO"
"532739","532739.BO"
"513403","513403.BO"
"532366","532366.BO"
"632461","632461.BO"
"532803","532803.BO"
"524570","524570.BO"
"523628","523628.BO"
"532486","532486.BO"
"504288","504288.BO"
"523333","523333.BO"
"532254","532254.BO"
"507645","507645.BO"
"531768","531768.BO"
"506605","506605.BO"
"526043","526043.BO"
"524051","524051.BO"
"531467","531467.BO"
"590055","590055.BO"
"512481","512481.BO"
"532626","532626.BO"
"532460","532460.BO"
"519359","519359.BO"
"532933","532933.BO"
"532810","532810.BO"
"532898","532898.BO"
"532736","532736.BO"
"531855","531855.BO"
"513532","513532.BO"
"533178","533178.BO"
"500192","500192.BO"
"522205","522205.BO"
"531746","531746.BO"
"533605","533605.BO"
"506022","506022.BO"
"531437","531437.BO"
"533239","533239.BO"
"531172","531172.BO"
"532718","532718.BO"
"531257","531257.BO"
"523874","523874.BO"
"532934","532934.BO"
"517258","517258.BO"
"523539","523539.BO"
"517230","517230.BO"
"533100","533100.BO"
"526247","526247.BO"
"500540","500540.BO"
"514354","514354.BO"
"531802","531802.BO"
"513613","513613.BO"
"533274","533274.BO"
"526691","526691.BO"
"503873","503873.BO"
"526109","526109.BO"
"530589","530589.BO"
"532748","532748.BO"
"519299","519299.BO"
"530695","530695.BO"
"500337","500337.BO"
"521149","521149.BO"
"500338","500338.BO"
"505530","505530.BO"
"512217","512217.BO"
"532675","532675.BO"
"534060","534060.BO"
"521005","521005.BO"
"530069","530069.BO"
"500459","500459.BO"
"526494","526494.BO"
"590120","590120.BO"
"532647","532647.BO"
"531611","531611.BO"
"526801","526801.BO"
"590108","590108.BO"
"532524","532524.BO"
"533344","533344.BO"
"509220","509220.BO"
"500343","500343.BO"
"506852","506852.BO"
"506618","506618.BO"
"500346","500346.BO"
"509839","509839.BO"
"526492","526492.BO"
"532693","532693.BO"
"532461","532461.BO"
"533295","533295.BO"
"532891","532891.BO"
"517556","517556.BO"
"532689","532689.BO"
"511116","511116.BO"
"590099","590099.BO"
"532866","532866.BO"
"511626","511626.BO"
"517447","517447.BO"
"512565","512565.BO"
"590070","590070.BO"
"532692","532692.BO"
"531273","531273.BO"
"532497","532497.BO"
"514316","514316.BO"
"531694","531694.BO"
"523523","523523.BO"
"500339","500339.BO"
"517522","517522.BO"
"533093","533093.BO"
"530111","530111.BO"
"532826","532826.BO"
"530253","530253.BO"
"532503","532503.BO"
"523030","523030.BO"
"526823","526823.BO"
"531500","531500.BO"
"513369","513369.BO"
"522257","522257.BO"
"530699","530699.BO"
"500354","500354.BO"
"500355","500355.BO"
"530951","530951.BO"
"511652","511652.BO"
"522281","522281.BO"
"500356","500356.BO"
"500357","500357.BO"
"500358","500358.BO"
"524037","524037.BO"
"502587","502587.BO"
"523289","523289.BO"
"532370","532370.BO"
"532369","532369.BO"
"533262","533262.BO"
"532690","532690.BO"
"507490","507490.BO"
"500359","500359.BO"
"531228","531228.BO"
"532987","532987.BO"
"532988","532988.BO"
"505800","505800.BO"
"532661","532661.BO"
"513727","513727.BO"
"590077","590077.BO"
"531583","531583.BO"
"500360","500360.BO"
"500361","500361.BO"
"522207","522207.BO"
"524230","524230.BO"
"531233","531233.BO"
"531522","531522.BO"
"532918","532918.BO"
"504903","504903.BO"
"531391","531391.BO"
"520111","520111.BO"
"520073","520073.BO"
"507300","507300.BO"
"533294","533294.BO"
"504378","504378.BO"
"531207","531207.BO"
"500330","500330.BO"
"533143","533143.BO"
"530923","530923.BO"
"533608","533608.BO"
"533285","533285.BO"
"533482","533482.BO"
"513558","513558.BO"
"532955","532955.BO"
"532805","532805.BO"
"532884","532884.BO"
"530807","530807.BO"
"526403","526403.BO"
"511585","511585.BO"
"532106","532106.BO"
"533065","533065.BO"
"532712","532712.BO"
"533891","533891.BO"
"523445","523445.BO"
"500390","500390.BO"
"500111","500111.BO"
"503162","503162.BO"
"530517","530517.BO"
"500325","500325.BO"
"532915","532915.BO"
"524632","524632.BO"
"532399","532399.BO"
"513043","513043.BO"
"500365","500365.BO"
"530919","530919.BO"
"532923","532923.BO"
"532670","532670.BO"
"532687","532687.BO"
"524218","524218.BO"
"505509","505509.BO"
"533017","533017.BO"
"505368","505368.BO"
"531888","531888.BO"
"531646","531646.BO"
"934836","934836.BO"
"934837","934837.BO"
"934839","934839.BO"
"934840","934840.BO"
"531952","531952.BO"
"530271","530271.BO"
"532766","532766.BO"
"519230","519230.BO"
"520008","520008.BO"
"517496","517496.BO"
"524480","524480.BO"
"507508","507508.BO"
"531218","531218.BO"
"531539","531539.BO"
"533083","533083.BO"
"526861","526861.BO"
"523658","523658.BO"
"526407","526407.BO"
"519097","519097.BO"
"532140","532140.BO"
"532441","532441.BO"
"531447","531447.BO"
"531822","531822.BO"
"532731","532731.BO"
"502448","502448.BO"
"500366","500366.BO"
"532869","532869.BO"
"530991","530991.BO"
"526753","526753.BO"
"533168","533168.BO"
"512359","512359.BO"
"517500","517500.BO"
"512047","512047.BO"
"526640","526640.BO"
"532699","532699.BO"
"532983","532983.BO"
"532939","532939.BO"
"533284","533284.BO"
"500350","500350.BO"
"532735","532735.BO"
"531215","531215.BO"
"526496","526496.BO"
"500367","500367.BO"
"531099","531099.BO"
"503169","503169.BO"
"509020","509020.BO"
"500368","500368.BO"
"513295","513295.BO"
"532785","532785.BO"
"590124","590124.BO"
"530449","530449.BO"
"533552","533552.BO"
"533470","533470.BO"
"504335","504335.BO"
"517035","517035.BO"
"526477","526477.BO"
"513583","513583.BO"
"516108","516108.BO"
"514304","514304.BO"
"513515","513515.BO"
"504908","504908.BO"
"531374","531374.BO"
"532905","532905.BO"
"531901","531901.BO"
"524446","524446.BO"
"530461","530461.BO"
"531869","531869.BO"
"532710","532710.BO"
"531448","531448.BO"
"523025","523025.BO"
"531436","531436.BO"
"502090","502090.BO"
"511533","511533.BO"
"503691","503691.BO"
"532543","532543.BO"
"532841","532841.BO"
"515043","515043.BO"
"590051","590051.BO"
"511066","511066.BO"
"700028","700028.BO"
"507315","507315.BO"
"532713","532713.BO"
"532604","532604.BO"
"517059","517059.BO"
"532005","532005.BO"
"521240","521240.BO"
"511630","511630.BO"
"520075","520075.BO"
"530125","530125.BO"
"500372","500372.BO"
"521206","521206.BO"
"530025","530025.BO"
"532836","532836.BO"
"523116","523116.BO"
"533079","533079.BO"
"526725","526725.BO"
"524703","524703.BO"
"504918","504918.BO"
"516096","516096.BO"
"514234","514234.BO"
"533411","533411.BO"
"511640","511640.BO"
"526521","526521.BO"
"530073","530073.BO"
"531898","531898.BO"
"531569","531569.BO"
"532972","532972.BO"
"500674","500674.BO"
"531312","531312.BO"
"531323","531323.BO"
"512465","512465.BO"
"519260","519260.BO"
"532031","532031.BO"
"533033","533033.BO"
"504614","504614.BO"
"532163","532163.BO"
"514412","514412.BO"
"532663","532663.BO"
"511076","511076.BO"
"508996","508996.BO"
"526093","526093.BO"
"500376","500376.BO"
"502175","502175.BO"
"511577","511577.BO"
"532404","532404.BO"
"512634","512634.BO"
"531893","531893.BO"
"511144","511144.BO"
"523710","523710.BO"
"590098","590098.BO"
"961701","961701.BO"
"961703","961703.BO"
"961692","961692.BO"
"526544","526544.BO"
"934821","934821.BO"
"934824","934824.BO"
"507894","507894.BO"
"534139","534139.BO"
"505141","505141.BO"
"531886","531886.BO"
"532900","532900.BO"
"526807","526807.BO"
"521182","521182.BO"
"514264","514264.BO"
"533268","533268.BO"
"526843","526843.BO"
"524540","524540.BO"
"532886","532886.BO"
"530075","530075.BO"
"526071","526071.BO"
"521238","521238.BO"
"512529","512529.BO"
"507984","507984.BO"
"533401","533401.BO"
"531944","531944.BO"
"500295","500295.BO"
"502450","502450.BO"
"531794","531794.BO"
"505075","505075.BO"
"532993","532993.BO"
"531812","531812.BO"
"533110","533110.BO"
"524336","524336.BO"
"501423","501423.BO"
"513436","513436.BO"
"519031","519031.BO"
"526841","526841.BO"
"531431","531431.BO"
"511754","511754.BO"
"509874","509874.BO"
"512499","512499.BO"
"532455","532455.BO"
"522034","522034.BO"
"512393","512393.BO"
"532908","532908.BO"
"523359","523359.BO"
"523449","523449.BO"
"511413","511413.BO"
"524552","524552.BO"
"531800","531800.BO"
"530525","530525.BO"
"533301","533301.BO"
"526839","526839.BO"
"526117","526117.BO"
"526137","526137.BO"
"531201","531201.BO"
"513709","513709.BO"
"530549","530549.BO"
"533389","533389.BO"
"523598","523598.BO"
"512289","512289.BO"
"513097","513097.BO"
"532323","532323.BO"
"530433","530433.BO"
"511108","511108.BO"
"532776","532776.BO"
"522175","522175.BO"
"532638","532638.BO"
"532793","532793.BO"
"500387","500387.BO"
"512463","512463.BO"
"503837","503837.BO"
"532310","532310.BO"
"533180","533180.BO"
"506874","506874.BO"
"512105","512105.BO"
"503205","503205.BO"
"530219","530219.BO"
"531962","531962.BO"
"523236","523236.BO"
"520151","520151.BO"
"526335","526335.BO"
"531695","531695.BO"
"526981","526981.BO"
"503804","503804.BO"
"531693","531693.BO"
"532945","532945.BO"
"511218","511218.BO"
"511411","511411.BO"
"532498","532498.BO"
"505513","505513.BO"
"523790","523790.BO"
"517411","517411.BO"
"520141","520141.BO"
"533014","533014.BO"
"520086","520086.BO"
"530439","530439.BO"
"500550","500550.BO"
"512131","512131.BO"
"531863","531863.BO"
"523606","523606.BO"
"524642","524642.BO"
"521194","521194.BO"
"531738","531738.BO"
"526835","526835.BO"
"531635","531635.BO"
"531626","531626.BO"
"507446","507446.BO"
"507998","507998.BO"
"513472","513472.BO"
"532877","532877.BO"
"503229","503229.BO"
"504382","504382.BO"
"523838","523838.BO"
"519566","519566.BO"
"523023","523023.BO"
"505729","505729.BO"
"502742","502742.BO"
"532879","532879.BO"
"502455","502455.BO"
"512589","512589.BO"
"532961","532961.BO"
"503811","503811.BO"
"533206","533206.BO"
"500472","500472.BO"
"531169","531169.BO"
"526508","526508.BO"
"533228","533228.BO"
"505650","505650.BO"
"522042","522042.BO"
"532419","532419.BO"
"512048","512048.BO"
"519586","519586.BO"
"505192","505192.BO"
"517214","517214.BO"
"590046","590046.BO"
"531838","531838.BO"
"505827","505827.BO"
"514240","514240.BO"
"532784","532784.BO"
"524719","524719.BO"
"530651","530651.BO"
"532344","532344.BO"
"532293","532293.BO"
"532725","532725.BO"
"513699","513699.BO"
"522152","522152.BO"
"501421","501421.BO"
"507514","507514.BO"
"531548","531548.BO"
"511571","511571.BO"
"520057","520057.BO"
"532221","532221.BO"
"524667","524667.BO"
"521036","521036.BO"
"632218","632218.BO"
"532218","532218.BO"
"590030","590030.BO"
"532669","532669.BO"
"531645","531645.BO"
"532025","532025.BO"
"530289","530289.BO"
"524727","524727.BO"
"508976","508976.BO"
"531370","531370.BO"
"502465","502465.BO"
"534425","534425.BO"
"512413","512413.BO"
"531982","531982.BO"
"517166","517166.BO"
"526161","526161.BO"
"521082","521082.BO"
"526827","526827.BO"
"500285","500285.BO"
"532651","532651.BO"
"500402","500402.BO"
"532249","532249.BO"
"531149","531149.BO"
"532842","532842.BO"
"532701","532701.BO"
"507753","507753.BO"
"523756","523756.BO"
"503806","503806.BO"
"524410","524410.BO"
"530943","530943.BO"
"502180","502180.BO"
"514442","514442.BO"
"521234","521234.BO"
"526893","526893.BO"
"523222","523222.BO"
"700102","700102.BO"
"533569","533569.BO"
"533305","533305.BO"
"522296","522296.BO"
"530821","530821.BO"
"501061","501061.BO"
"513262","513262.BO"
"531723","531723.BO"
"580001","580001.BO"
"506105","506105.BO"
"531616","531616.BO"
"517548","517548.BO"
"500112","500112.BO"
"532200","532200.BO"
"532191","532191.BO"
"512531","512531.BO"
"511700","511700.BO"
"530017","530017.BO"
"500113","500113.BO"
"590037","590037.BO"
"513517","513517.BO"
"500399","500399.BO"
"533316","533316.BO"
"513530","513530.BO"
"532374","532374.BO"
"508998","508998.BO"
"512299","512299.BO"
"523363","523363.BO"
"513575","513575.BO"
"530759","530759.BO"
"500900","500900.BO"
"504960","504960.BO"
"934802","934802.BO"
"934786","934786.BO"
"934787","934787.BO"
"934810","934810.BO"
"934811","934811.BO"
"934814","934814.BO"
"934815","934815.BO"
"513151","513151.BO"
"532730","532730.BO"
"522085","522085.BO"
"532679","532679.BO"
"504959","504959.BO"
"526500","526500.BO"
"532531","532531.BO"
"530611","530611.BO"
"506222","506222.BO"
"526733","526733.BO"
"532348","532348.BO"
"531866","531866.BO"
"517168","517168.BO"
"506003","506003.BO"
"533332","533332.BO"
"506655","506655.BO"
"521113","521113.BO"
"517224","517224.BO"
"513414","513414.BO"
"532887","532887.BO"
"524542","524542.BO"
"508969","508969.BO"
"530419","530419.BO"
"514211","514211.BO"
"533306","533306.BO"
"524715","524715.BO"
"517403","517403.BO"
"532733","532733.BO"
"530763","530763.BO"
"520056","520056.BO"
"590072","590072.BO"
"500403","500403.BO"
"590071","590071.BO"
"533166","533166.BO"
"530425","530425.BO"
"500404","500404.BO"
"531433","531433.BO"
"532711","532711.BO"
"531945","531945.BO"
"531295","531295.BO"
"532872","532872.BO"
"530845","530845.BO"
"512179","512179.BO"
"530883","530883.BO"
"523283","523283.BO"
"512527","512527.BO"
"521180","521180.BO"
"523842","523842.BO"
"526133","526133.BO"
"532509","532509.BO"
"509930","509930.BO"
"532904","532904.BO"
"500405","500405.BO"
"531934","531934.BO"
"507892","507892.BO"
"531638","531638.BO"
"518075","518075.BO"
"513597","513597.BO"
"533298","533298.BO"
"517530","517530.BO"
"530185","530185.BO"
"532516","532516.BO"
"500336","500336.BO"
"532874","532874.BO"
"531781","531781.BO"
"521022","521022.BO"
"514138","514138.BO"
"533101","533101.BO"
"530867","530867.BO"
"514140","514140.BO"
"521200","521200.BO"
"532782","532782.BO"
"530239","530239.BO"
"532667","532667.BO"
"523722","523722.BO"
"512257","512257.BO"
"512449","512449.BO"
"531909","531909.BO"
"503310","503310.BO"
"500407","500407.BO"
"531003","531003.BO"
"526365","526365.BO"
"510245","510245.BO"
"530585","530585.BO"
"532051","532051.BO"
"522215","522215.BO"
"531499","531499.BO"
"511447","511447.BO"
"517385","517385.BO"
"524470","524470.BO"
"532276","532276.BO"
"531115","531115.BO"
"531173","531173.BO"
"526506","526506.BO"
"532444","532444.BO"
"500777","500777.BO"
"519483","519483.BO"
"507785","507785.BO"
"532390","532390.BO"
"505850","505850.BO"
"532890","532890.BO"
"533639","533639.BO"
"505160","505160.BO"
"533200","533200.BO"
"533170","533170.BO"
"531426","531426.BO"
"523419","523419.BO"
"522229","522229.BO"
"506854","506854.BO"
"532790","532790.BO"
"532738","532738.BO"
"533203","533203.BO"
"519091","519091.BO"
"500770","500770.BO"
"532301","532301.BO"
"500483","500483.BO"
"500408","500408.BO"
"501301","501301.BO"
"513434","513434.BO"
"500570","500570.BO"
"500400","500400.BO"
"513010","513010.BO"
"500470","500470.BO"
"532371","532371.BO"
"504961","504961.BO"
"500800","500800.BO"
"570001","570001.BO"
"521228","521228.BO"
"534369","534369.BO"
"532284","532284.BO"
"533393","533393.BO"
"501242","501242.BO"
"532262","532262.BO"
"523301","523301.BO"
"532540","532540.BO"
"533553","533553.BO"
"532755","532755.BO"
"533281","533281.BO"
"522142","522142.BO"
"532804","532804.BO"
"533216","533216.BO"
"523455","523455.BO"
"533266","533266.BO"
"524204","524204.BO"
"532358","532358.BO"
"533089","533089.BO"
"530595","530595.BO"
"530533","530533.BO"
"533982","533982.BO"
"505400","505400.BO"
"533326","533326.BO"
"533164","533164.BO"
"526483","526483.BO"
"501756","501756.BO"
"533158","533158.BO"
"530199","530199.BO"
"500411","500411.BO"
"533121","533121.BO"
"507450","507450.BO"
"500412","500412.BO"
"500413","500413.BO"
"590005","590005.BO"
"533629","533629.BO"
"505196","505196.BO"
"507205","507205.BO"
"533444","533444.BO"
"532856","532856.BO"
"511559","511559.BO"
"500414","500414.BO"
"700091","700091.BO"
"700110","700110.BO"
"522113","522113.BO"
"530475","530475.BO"
"504966","504966.BO"
"532375","532375.BO"
"533258","533258.BO"
"531547","531547.BO"
"531814","531814.BO"
"524582","524582.BO"
"532966","532966.BO"
"524717","524717.BO"
"500114","500114.BO"
"531830","531830.BO"
"531910","531910.BO"
"500418","500418.BO"
"532779","532779.BO"
"523856","523856.BO"
"500420","500420.BO"
"526650","526650.BO"
"517407","517407.BO"
"526582","526582.BO"
"500422","500422.BO"
"532410","532410.BO"
"513063","513063.BO"
"526139","526139.BO"
"506687","506687.BO"
"532349","532349.BO"
"532812","532812.BO"
"533540","533540.BO"
"517228","517228.BO"
"532090","532090.BO"
"500251","500251.BO"
"710052","710052.BO"
"505854","505854.BO"
"531703","531703.BO"
"531675","531675.BO"
"531716","531716.BO"
"521064","521064.BO"
"517562","517562.BO"
"531658","531658.BO"
"532928","532928.BO"
"531712","531712.BO"
"590093","590093.BO"
"590091","590091.BO"
"531279","531279.BO"
"523387","523387.BO"
"505978","505978.BO"
"532356","532356.BO"
"502281","502281.BO"
"533655","533655.BO"
"533941","533941.BO"
"514142","514142.BO"
"507747","507747.BO"
"517506","517506.BO"
"504973","504973.BO"
"531088","531088.BO"
"532691","532691.BO"
"532948","532948.BO"
"513629","513629.BO"
"531411","531411.BO"
"506808","506808.BO"
"532311","532311.BO"
"532515","532515.BO"
"532800","532800.BO"
"532343","532343.BO"
"509243","509243.BO"
"532513","532513.BO"
"506985","506985.BO"
"531917","531917.BO"
"526945","526945.BO"
"509960","509960.BO"
"509992","509992.BO"
"500464","500464.BO"
"532505","532505.BO"
"500148","500148.BO"
"530363","530363.BO"
"506685","506685.BO"
"532538","532538.BO"
"500231","500231.BO"
"532398","532398.BO"
"504605","504605.BO"
"523519","523519.BO"
"521226","521226.BO"
"500426","500426.BO"
"506690","506690.BO"
"500427","500427.BO"
"524264","524264.BO"
"530321","530321.BO"
"532477","532477.BO"
"500429","500429.BO"
"532646","532646.BO"
"530997","530997.BO"
"531831","531831.BO"
"532432","532432.BO"
"507878","507878.BO"
"533171","533171.BO"
"532478","532478.BO"
"507458","507458.BO"
"531091","531091.BO"
"512070","512070.BO"
"532746","532746.BO"
"504212","504212.BO"
"524408","524408.BO"
"532378","532378.BO"
"514144","514144.BO"
"531762","531762.BO"
"519273","519273.BO"
"530505","530505.BO"
"531390","531390.BO"
"526987","526987.BO"
"532402","532402.BO"
"517146","517146.BO"
"511736","511736.BO"
"532765","532765.BO"
"526879","526879.BO"
"590101","590101.BO"
"513216","513216.BO"
"532729","532729.BO"
"526957","526957.BO"
"522091","522091.BO"
"532953","532953.BO"
"511110","511110.BO"
"532867","532867.BO"
"532320","532320.BO"
"519152","519152.BO"
"519156","519156.BO"
"531676","531676.BO"
"590111","590111.BO"
"511431","511431.BO"
"532389","532389.BO"
"526775","526775.BO"
"530403","530403.BO"
"513397","513397.BO"
"530459","530459.BO"
"500945","500945.BO"
"511114","511114.BO"
"532338","532338.BO"
"512175","512175.BO"
"530369","530369.BO"
"521046","521046.BO"
"502589","502589.BO"
"500439","500439.BO"
"502986","502986.BO"
"531444","531444.BO"
"513534","513534.BO"
"514175","514175.BO"
"532917","532917.BO"
"500465","500465.BO"
"531574","531574.BO"
"533156","533156.BO"
"533576","533576.BO"
"533269","533269.BO"
"531650","531650.BO"
"513005","513005.BO"
"524310","524310.BO"
"533056","533056.BO"
"522267","522267.BO"
"503657","503657.BO"
"526755","526755.BO"
"532093","532093.BO"
"523261","523261.BO"
"516098","516098.BO"
"531874","531874.BO"
"526953","526953.BO"
"507472","507472.BO"
"530769","530769.BO"
"512229","512229.BO"
"531950","531950.BO"
"531544","531544.BO"
"520113","520113.BO"
"523796","523796.BO"
"503349","503349.BO"
"511389","511389.BO"
"531717","531717.BO"
"511539","511539.BO"
"523724","523724.BO"
"530151","530151.BO"
"532401","532401.BO"
"530961","530961.BO"
"531518","531518.BO"
"519307","519307.BO"
"532677","532677.BO"
"530477","530477.BO"
"519373","519373.BO"
"524394","524394.BO"
"524200","524200.BO"
"517015","517015.BO"
"532360","532360.BO"
"517393","517393.BO"
"524129","524129.BO"
"507880","507880.BO"
"519039","519039.BO"
"514302","514302.BO"
"511726","511726.BO"
"519457","519457.BO"
"532354","532354.BO"
"532372","532372.BO"
"532721","532721.BO"
"531025","531025.BO"
"506146","506146.BO"
"509055","509055.BO"
"532411","532411.BO"
"516072","516072.BO"
"531668","531668.BO"
"526441","526441.BO"
"512279","512279.BO"
"524711","524711.BO"
"590038","590038.BO"
"524576","524576.BO"
"532660","532660.BO"
"517429","517429.BO"
"534567","534567.BO"
"511333","511333.BO"
"519602","519602.BO"
"533427","533427.BO"
"522122","522122.BO"
"531865","531865.BO"
"532757","532757.BO"
"500575","500575.BO"
"534392","534392.BO"
"509966","509966.BO"
"531266","531266.BO"
"532893","532893.BO"
"532824","532824.BO"
"522080","522080.BO"
"517399","517399.BO"
"506142","506142.BO"
"520003","520003.BO"
"501391","501391.BO"
"533023","533023.BO"
"519035","519035.BO"
"503675","503675.BO"
"501370","501370.BO"
"507410","507410.BO"
"511147","511147.BO"
"524212","524212.BO"
"508494","508494.BO"
"523660","523660.BO"
"517498","517498.BO"
"533452","533452.BO"
"523011","523011.BO"
"504988","504988.BO"
"532144","532144.BO"
"531249","531249.BO"
"532553","532553.BO"
"514162","514162.BO"
"533495","533495.BO"
"533252","533252.BO"
"508933","508933.BO"
"526431","526431.BO"
"505412","505412.BO"
"532373","532373.BO"
"500444","500444.BO"
"531217","531217.BO"
"505533","505533.BO"
"590073","590073.BO"
"500238","500238.BO"
"513713","513713.BO"
"519214","519214.BO"
"519224","519224.BO"
"526586","526586.BO"
"514470","514470.BO"
"522029","522029.BO"
"526471","526471.BO"
"514348","514348.BO"
"524758","524758.BO"
"507685","507685.BO"
"532795","532795.BO"
"532300","532300.BO"
"526525","526525.BO"
"505872","505872.BO"
"500095","500095.BO"
"532616","532616.BO"
"532788","532788.BO"
"532116","532116.BO"
"590013","590013.BO"
"511601","511601.BO"
"516030","516030.BO"
"532368","532368.BO"
"532648","532648.BO"
"522209","522209.BO"
"522108","522108.BO"
"531663","531663.BO"
"506720","506720.BO"
"505537","505537.BO"
"533287","533287.BO"
"532794","532794.BO"
"533339","533339.BO"
"531845","531845.BO"
"517164","517164.BO"
"514266","514266.BO"
"530665","530665.BO"
"532298","532298.BO"
"532039","532039.BO"
"504067","504067.BO"
"505163","505163.BO"
"531404","531404.BO"
"521163","521163.BO"
"512587","512587.BO"
"500780","500780.BO"
"530091","530091.BO"
"531335","531335.BO"
"532883","532883.BO"
